Model 1
1. 71.44 / 414.39
2. 70.52 / 349.24
3. 129.72 / 358.53
4. 94.22 / 472.45
5. 88.08 / 455.30
6. 67.5 / 356.59
7. 91.40 / 682.57
8. 55.52 / 287.63
9. 85.42 / 709.52
10. 131.68 / 457.80

Model 2
1. 125.82 / 252.02
2. 149 / 260.86
3. 131.98 / 271.30
4. 99.82 / 265.21
5. 109.28 / 277.47
6. 137.16 / 267.01
7. 142.20 / 276.77
8. 83.40 / 248.95
9. 95.40 / 244.72
10. 118 / 74

Model 3
1. 146 / 78.62
2. 136.08 / 104.01
3. 128.39 / 92.33
4. 104.22 / 97.64
5. 103.54 / 92.69
6. 145.62 / 84.09
7. 119.44 / 90.97
8. 146.08 / 97.66
9. 144.63 / 89.61
10. 149 / 91.13

Model 4
1. 149 / 113.47
2. 126.84 / 109.35
3. 149 / 98.82
4. 130.30 / 102.08
5. 121.44 / 92.66
6. 147.41 / 85.95
7. 149 / 99.96
8. 149 / 104.39
9. 148.88 / 96.95
10. 146.06 / 101.48